4677871
4897258
2088930
4883939
3405513
4681002
4672508
4890941
3848439
4761843
3343528
4748364
4530347
687687
3523266
4493346
4856836
4829696
4509188
4879459
4905419
4711215
679056
4183614
4878038
4196404
3520746
4672470
3488604
3953271
4582161
3488638
4895401
3026017
4232142
3523691
687680
3950745
4883852
4829904
3358413
4649578
4880332
4720737
4892928
4905777
4856197
3661536
4835209
3704889
4877546
3866292
4903574
4791460
3683225
4656665
3706581
4905890
4886908
4880439
2363003
4891592
2830881
4855049
4680330
3903916
4904355
4792606
4492924
4894488
4906819
4691454
4860336
4886962
4583287
3660878
4856941
4857418
3524000
2735514
4687674
3957492
4789597
4038582
4683313
4906887
4904905
4836001
4886675
4880760
1721409
3950704
3390052
4888749
4904670
4412002
4908230
4879991
4856137
4875882
3857147
4858832
4887018
3343787
4726804
4775827
4529157
3697745
4167279
687682
3706524
4686525
4897555
4877279
3866425
3540063
4908302
4877618
4409265
4889105
2744743
4595022
4901664
3565795
4535735
3520118
3488413
3957502
4175496
4907614
4830261
4530874
1090047
2155367
3195621
4786036
4907003
4793045
3491697
4727145
4038339
4772447
4410917
4887189
4878041
4887149
4492525
4518118
2363837
3490713
4905749
3491597
3662449
4786306
4779049
2697674
4838422
3660539
4883695
4834099
4680347
4901448
4887426
4895667
4886655
4907140
4368324
3913470
3950801
4649226
3503174
4525759
4502028
4881387
4868773
4397520
4886877
4620754
4907206
4900835
3408495
4904510
4880497
4906986
4898209
4904391
4883037
3767953
4883047
4661195
3852863
4567065
4891653
4052495
4907513
4906808
4590817
4683248
3005115
4216611
3554987
4900169
4582475
3212280
4885722
4370627
1719961
4907244
4887316
3866437
4793022
4397040
4889439
4710791
4789586
3520481
3852180
4885146
4854674
4903720
4882780
3520695
4893403
3408819
4835979
3663998
4524215
4844733
3544148
4509345
4530565
3954185
4519758
4789991
4756543
1394893
701831
3357995
4680343
2293859
4905389
4870411
4411516
3868014
4770155
3662204
4680746
2069984
1357397
4595065
667004
4678035
4908076
3515994
4550090
4901127
4887281
3031302
4550171
4520896
4424791
4761606
3829998
4877285
4687881
4681087
4883615
4880724
4907072
1132824
4541096
4898781
3662925
4879827
3848840
4887428
4844778
4519336
4523263
631017
3554579
2060101
4891491
4798961
4166403
3960977
3377452
4338137
4844782
4898987
3554988
4397509
4610469
4175454
4562434
4661243
4526033
3004857
4649063
4038186
3748387
4691006
4175370
4853841
3935748
4830223
4880769
4907440
2929904
4878156
3401913
4776007
4469191
2158893
3664926
3545402
4878042
4792581
4493344
3488629
3369109
4852838
3503175
1959427
4875510
4656561
3706594
3660053
4892916
4743236
4779435
4779442
4880560
4567102
4562549
4828179
4664366
3950747
4896173
4881581
4753059
4855933
3728739
4861481
4680359
3554410
4890854
3835737
4375523
4887271
4878272
4710942
4789615
810179
4711330
3357934
4676836
4055164
3866366
4424975
4155306
4902079
4178767
4882748
3489838
3503633
4525902
3852682
4680858
4906422
4905339
2852816
4683388
4552679
4675824
4521164
4412324
4183116
3540171
4550106
4886644
3529800
3408635
829310
2929913
4901963
4902748
3489984
4777594
4904559
3005103
4687732
4895544
4740029
4524362
3365563
4873415
4890783
4661126
3004779
1747719
4873081
1733894
4905401
3503705
3491666
4789830
4175494
3519810
4778762
3661303
4522139
4523373
2492351
4829714
3763944
4883505
2639520
3866467
4902038
3763922
4890266
3765340
3663286
4469256
4789570
4879863
4777604
3960809
4887569
4883281
3365409
2293860
4854798
4899139
3545238
4784042
3545143
4878028
3361058
2087974
2687844
4896651
4830157
4895180
4680869
3765007
4166547
4582156
4894812
4902397
4823612
4397503
3848267
3741118
4686581
4839194
4902907
3848137
4899170
3900266
4873417
3529885
3957501
4791373
3520404
4829703
4887574
3950648
4785992
4904374
4610609
4896893
4739183
4530301
4530325
2759173
4901253
3365422
4899915
4640778
3848328
3851170
4656568
4823619
4902005
4883438
4886786
4739269
3540238
4838666
3849492
4649329
3408637
4464677
3848254
4520978
4907756
3543046
4873338
4711248
4907578
4524120
3683442
3530164
2849020
4887044
3948053
4857413
3913627
3662200
4711050
4676835
4411576
4898007
4877562
3849187
4411515
3540142
4882455
1436463
4878678
2929180
1357375
4904569
4883502
4882497
4700335
4672489
4043316
4835223
4530473
4877530
4691133
3212175
2158894
3093715
4828022
3005231
4683228
3503571
4846075
4205847
4425425
4622558
4905552
4552685
4574454
4877261
4664777
4885150
2977656
4880331
4731618
4523388
4522184
4797565
4524140
4894708
4166416
4855333
3581731
3543917
3530789
4761848
1235547
2775221
4533833
3081724
4907464
4508687
3408808
4680089
3554811
4711035
4882245
3249825
4789874
4856917
4889505
4522106
4837704
4792767
1735308
4906974
3494706
4496656
4524200
4792537
4835456
4583373
2060100
4852870
2771204
4901936
2299994
2487540
4856029
4680992
4788617
3490559
4888826
3520343
4878206
4824873
4466476
4882374
4903725
4524297
4169826
3661295
4889315
4889702
3848711
4753167
4829469
3852683
4683394
4868096
4551836
4566417
4906551
4896438
3004991
561996
4038088
4830150
3488640
4905460
4852336
2771324
3544547
4533770
4411701
4175341
4524294
4524158
2849082
3235970
4677968
4493341
4872810
4900897
4899182
4795521
3401787
4664551
4887319
4583186
3519679
3515279
4884232
3524009
4835816
4823441
4890816
4649281
3849427
4582489
3523379
4896508
3358825
4061691
1283440
4901554
1365862
3488666
4868144
4792882
4901453
4885114
4763500
4888978
694874
4786022
4872746
4838634
4784023
3491676
3750546
4885901
4893448
4907147
4899470
3503352
4907900
4786199
916716
3663491
3405684
4889216
4857518
4789887
4691342
4908275
3518681
4889589
3249976
4519468
4904386
4907225
4901909
4896189
4883503
4885584
4739347
4893701
3683100
4178752
4902976
3503417
3540318
4523443
4397451
4908021
4901515
4217158
4883461
4881499
3930565
3848270
4897774
3516134
4880274
3388093
4894574
3405664
4894860
2268705
4475670
4758728
3502874
4854410
3490491
3947991
4838303
562802
4835871
4879829
4880977
3231163
3358614
3362498
4201811
4642117
4580399
3390054
3554140
2055084
4779599
4789939
4716327
2923795
4559749
4760442
2608710
3093669
4549729
4508818
4867959
4852352
3072316
4900695
4907966
4548740
4061148
3961457
4902814
3746336
4886920
4881648
4905626
4873198
4740181
4891147
4792819
4889316
4903762
4781421
4567165
3913571
4567146
4875612
2321401
3520355
4502082
4397541
665353
4879481
3400449
4711277
4907772
4889963
4772183
4883055
4898354
4167297
701799
3520581
4889618
4672545
4905684
4904184
4874188
4845191
4638532
4411694
2698463
4789979
4835962
4907458
3251234
4908037
3960964
4903712
1287618
4710521
3358559
3518944
4789838
3408941
4739388
4643471
4524081
4806521
4205852
4907444
4862009
4903331
3697508
3661918
4656504
3503426
4771985
3523959
4739283
4587646
4570111
4868156
4900913
4875758
3358096
4681150
3093740
4885635
4664372
4884477
4905740
4883948
4784062
4908227
3848998
3544633
3520755
4906373
4526041
4368015
4894611
4583269
4906048
4530683
4844788
4885421
4691383
4620725
4830268
4863946
3913990
3764800
4885597
3369159
4877610
3518632
4900594
4664360
4549312
4791467
4784036
3919513
4901771
3950767
4885131
4898572
3523257
3728801
3357288
4520832
4753819
4469317
4574335
4891378
4905469
4894335
4903159
4878044
4178721
1361734
4901860
1283504
4853847
4829592
3503576
4859529
2128396
4509094
2923759
4881361
1469758
4784057
4886564
4411410
4896632
4175366
4687832
4903718
4833872
3377231
4888094
4046693
4901821
4905135
4897376
4891019
4798984
2668817
3488462
3357461
4899205
4411461
2361632
4175625
4908341
4884403
4877410
3004717
4878407
4905026
4888217
4856328
4894731
4856412
4520924
4680549
4789769
4829599
4582504
4567041
4883470
4898129
3176983
4898718
2155358
4061184
4683073
1361094
4789844
3543150
4906723
4899060
4679901
4902427
4562430
4691025
4678112
2965171
4877719
4493366
1267283
4860517
4675890
3914286
3074795
4890904
3519581
4562442
4880061
4580493
4687915
4897028
4198835
4357958
4894746
4523274
4895203
4656385
4883942
4680809
4867976
4894359
4471074
4677949
4907304
3004696
3251165
1298659
4493564
3490123
4905866
1447966
3093628
1366423
4901425
4789627
3081902
3913376
4713277
3543151
4884213
1302172
4853890
4852296
2326375
4603447
4691156
3529625
4892753
4898278
2850888
4679865
3005749
4727635
4895327
3913555
4559960
4711011
4874285
3400351
1439550
4855636
4619340
4530340
3407427
3357548
4891371
4700321
4706318
4887070
4502045
4895210
4847946
4883713
4713080
4886758
4890996
1394883
3747952
4885988
3554669
3093787
3903113
4411033
4896978
3377761
4878005
4465103
4887391
4823282
897030
4758732
3848580
4829603
2487480
4465004
4789787
4619339
4785967
4474164
4216862
4580570
3662535
4900934
3544741
1366567
4898039
3518533
3488576
4710718
4837538
4533517
4904792
4174386
4710755
948957
4649353
3661045
4880692
2771649
3519944
4859224
3377194
4789872
3545300
4838599
4878409
3913643
4691357
4786194
4904432
3914607
4895626
3491929
1323316
4882804
4055162
3211310
3357746
3544574
4903897
3235960
4678094
4522698
1366010
3544009
4167342
907692
4891023
4687833
4793068
3363893
4711129
3940735
2371047
4887292
4656517
4889673
4829441
4897541
4868126
3663201
4879560
4899105
4884574
4526048
3913780
3869618
4853233
4785915
4779692
3499399
4418921
1747740
4891755
3004850
4880348
4886567
4559970
1723257
4533775
4618741
3746329
3358560
4880060
3492004
4775862
4638551
4903431
4882796
4882474
4829455
4884832
4908363
4720897
3697364
4835437
4897383
4908111
4873241
4562552
4510413
4649405
3950873
4878820
3400364
3697370
4739199
1981606
4903334
3229400
3519757
4656387
2300186
4891690
4905145
3935745
4854409
4902922
4885492
4370958
4882747
1719979
3365667
4884533
1298648
4898948
4853117
4876386
3408859
3525489
4905706
3520369
3704332
2036806
3848452
4904836
4883443
3503378
3488502
4792653
4644063
3363049
4829646
3523219
4772188
4689204
3357596
3913638
4844781
4778849
4860230
4525889
4883638
4569206
4542044
4907872
4675795
3947988
3543114
4681533
4188125
4829581
4793075
4720763
4887300
4835968
4680197
4891819
1830538
4609860
4881201
4875585
4656650
3848365
4892740
2865977
4716333
4835815
4370677
3767081
4727119
4885712
4061883
4899748
4883680
3731600
1294697
4166966
3520545
3947996
4883513
4661237
3488661
3347404
3362957
4175487
3093597
4889567
3875338
4776104
4901759
4592056
4533512
4907879
4904230
4897267
4397025
4897923
4748407
2773994
4899389
4904849
4901853
4907671
4680205
4903348
4882981
4680420
4792549
4175431
3523838
4739364
4903292
4672359
4903523
4835211
4061457
4283665
4175301
665260
3365393
3663050
4888325
4566433
4469471
4901692
3361060
3697587
4661255
4878154
4829684
3930607
4835869
4860333
4790462
3344914
4883339
3913715
4835119
4895641
4891237
3499641
3847879
4898600
3866277
4891077
3365751
3961456
4884440
4679956
4881226
4508698
4143627
4691128
4681083
4649442
4469055
4522125
4866703
4678135
4900579
4493605
3362527
4562540
4905910
3408436
3663008
4903121
3343533
4789898
4776337
4897919
4792719
4880812
3763939
789410
3866215
4906352
3519819
4583112
4885918
3848709
4854421
3913769
4411735
2364962
4583131
4679873
3661648
4905852
3519785
4524553
3919648
3347342
4873359
4549723
1981582
4854769
4897616
4902011
2063133
4227926
4889884
4520980
2683307
3767039
3408667
4530274
4542034
2054232
4549307
3499318
3662788
4038348
4675788
4905901
4672569
4724581
4175530
3093713
4789843
4874644
3529042
4887433
4880337
4580495
4901545
4904379
4901795
3251450
4781419
4664766
3958264
4760436
4061173
4865463
4906321
4878709
3765009
4370582
4786054
4175624
3913656
4753171
4469060
4861187
4905439
4370588
4891046
4893634
4881106
3358098
3250000
3947995
4885999
4877317
701592
4370825
4739321
4905433
3503562
4907996
4838638
4904301
3962708
4792865
4882034
2744747
4046625
3866225
4875473
4143614
4175381
2749421
4885357
4661412
4779679
4823368
4897844
4533507
3913389
4823068
4424722
4508832
4533750
4523447
3401844
4902694
4583267
4904943
4525726
2870624
4776246
3251235
3520127
4680956
3540283
3914401
2668818
4418927
4370549
4880438
3503590
4779577
3540301
3706696
3849152
4771965
4901590
4585607
4892689
4437030
4877839
4496581
4522268
3369555
4859533
4885154
3519514
4496327
4566512
3913400
4875692
1295982
4167446
4469099
4904420
4548747
4059427
4642546
3524392
4905313
3697409
2333966
4469052
4711142
4889927
4727099
4895484
2036803
4710816
4582186
4661344
1981602
4837708
4710990
4883060
635018
4510383
3520519
4567035
4880058
3848489
4175678
4772181
3530839
3554551
3847875
4880415
561254
1357402
4656215
4775848
4903926
3664082
4880751
4868937
4881418
4675778
4662690
4463011
4583416
4675910
4905711
4841975
4823018
4893494
4883011
677168
4166814
3554320
4769750
4882485
4855361
3489602
4530844
4679732
2037144
3520570
4889914
3566305
4902035
4789726
3660809
1469736
3875312
4649469
4891093
3947978
4797511
4908240
4680210
3915303
3480219
4711263
4882410
4189099
4788421
4609856
4656622
1919748
4895488
4904723
4861751
4901722
4519606
4391822
3871427
4656239
2054226
4574450
4856318
4908293
705810
4680825
4890262
4739239
4687891
3913808
4891769
2362086
4878107
4688032
4739221
3529929
4873382
4893613
4680715
4889872
4900414
4891397
4691250
4519535
3007952
3388218
3519547
4426890
4686613
4898783
4769733
3491971
3662936
3706406
3704327
4877295
4519345
4894922
4854262
4892941
4863151
3903911
4880265
4896158
4680292
4880771
4397380
4530599
4880695
3519895
4880070
4900551
4899108
3848321
4789824
2315954
4889238
4397224
4878083
4853220
3697351
3072308
4880102
701493
4638519
4906346
3852653
4502828
4879161
692324
4789984
3223023
4663902
4895536
4891211
2685361
943955
4888486
3520167
4884439
2480433
3543677
4610488
4676776
1981569
2167710
3365653
4760460
4720755
4907093
616909
4691298
4687783
4496376
3862001
3866475
4509356
4854256
4656549
4691311
4886529
4894581
4683392
4757357
2775301
4906968
3682831
4038089
4828151
4493048
561975
4897399
4763401
4901744
4175335
4619308
4519338
4786140
4493574
4778953
4887687
4904158
4533764
4906875
4396637
4520942
3523845
4691034
4893651
4905720
4727608
4889615
1130879
4776313
4471078
4664552
1349046
3554132
4496569
4425408
4509214
1175155
3660891
4881326
3765675
4885613
4522226
2735247
3661795
4567023
3074621
4881847
4867985
2965155
3369178
3543351
4893639
4874283
4641613
4887345
3362955
665409
4906054
3249798
4899944
4904190
4902390
629545
4877739
3195508
4885962
3940931
4178238
3523216
4887114
4903407
4475629
4884577
4523418
3661378
3520602
4521148
4877926
4881500
4881221
4643384
4772435
3664080
4845495
4835450
2866225
4567209
4883128
4885596
4891067
4904740
4837001
4907805
4469242
4890893
4894838
2062640
3697496
4510353
4756558
4879915
3549022
4905996
4580531
4876981
4906311
4897820
4710395
700021
4907160
2487457
3662579
4883851
4887141
4798177
4706354
4885170
4610315
4874289
4885884
2491908
3763951
4889024
4753057
4893706
4509301
4370715
3408956
4222163
4844947
4878210
4789700
4649319
3392726
1394895
4829683
4706361
4887423
1393010
4884511
4906969
4524360
4900218
4753666
4061179
3697695
3706276
4868003
4887382
4370504
4469072
4901129
2371742
4896516
4897093
4898463
4183616
4869129
4471124
4879065
4656529
4469850
4779570
4664433
1383905
3829922
4593881
4906194
4559769
4898185
4823374
4869131
3520642
4897219
3249993
3488516
3195487
2929172
4710759
4882587
3520666
4656236
3975220
3662016
4763428
3407946
4906564
4878902
3914046
4899137
3685211
4830204
4867978
4878510
4753830
4893860
4907817
4175432
3358622
4037607
4902417
3503690
4680333
4880381
648383
4901829
4885502
1747736
4886276
3229398
4908258
4868146
4687673
4886571
1846823
4899896
3249790
3515993
4901274
4791456
3957471
3914778
4824662
4906448
3215054
4892866
4409331
1185739
3848131
4903697
3698091
4898959
2775293
4890734
4891961
4899199
3540349
4899580
4656565
4572548
4397468
4877226
4779758
4893606
4525774
3358612
4550076
4502858
3706471
4548763
4740168
4739248
4583323
4595031
3852889
4899367
3960368
4533601
4901755
4792525
4906689
4868919
4675946
4894687
4901783
4856681
3249954
4727133
4878221
3093666
4899332
3490790
4622929
1124260
3523402
3400446
3004781
4898409
3377050
4883124
4683331
4680709
4898098
4368310
4648974
4905671
4897005
4899186
4530529
4878194
4753826
4856615
4901734
3764798
4687830
4860331
4678108
4872589
3847891
3663370
4906026
3520803
3581451
4905169
4853469
4893554
3540403
4672226
4175682
4466596
679031
4861469
4853749
4492951
4880305
4883369
4880429
3488425
2859451
4649372
4891476
3488468
4494054
4521231
4893718
4884358
4797514
4475599
3948108
4691273
4664736
4906941
3662543
4502804
4835824
4892902
3913966
4875731
3251241
2363836
4779421
4879953
3081912
3913984
4844890
4199503
4890048
3848694
4883771
3520623
4167451
4888982
4907037
4691221
4469381
4370697
4887309
4906999
3523817
4760446
4890882
4878894
4681058
3914769
3211880
4904257
3492076
4499333
692301
3005131
4726798
4885849
4877744
4037957
4887392
3554866
3524044
4885624
3554956
4854856
3887755
4521129
4872829
4425454
4834106
3887127
1089886
1721049
1981571
4878132
3145019
3240743
3519739
4885759
4656332
1357371
4902042
4878213
4664636
4883485
4883752
4905634
4689277
4493404
3868056
4870428
4869004
3490094
4844767
4216018
3519744
4680220
2676821
4525409
4680735
4530840
4836971
4829736
4841892
4884898
3408896
4166697
3851407
4510242
4370944
4533661
4879489
4687742
3523280
4853840
4753005
1469741
3519368
4175577
3518711
4893689
4902428
3683155
3565032
3392725
4880524
4898302
3554742
4791413
4679903
4679984
4080284
4524197
4525949
3490851
4887148
3520596
4897236
3195631
4894825
4037854
3492129
4881743
3523787
3192168
4856962
4205841
4835517
3492061
2685076
3698058
4908199
4763490
2746342
1846843
3005107
4739304
3731872
4904118
4792745
4843543
4906420
4859795
4897728
4903360
4874418
4679963
3729065
3520725
4558938
4903668
3543344
2784913
630653
4610381
4495764
4788581
3488700
4885438
4829645
559676
3554837
4680882
4897989
4907832
4873259
4533739
2698203
4895591
4739359
4859237
2317003
561275
4905896
687677
4906209
4903915
4905141
4902876
4833912
4896997
4847847
3249987
4904875
4895285
4690995
4903345
4895447
4791442
4898839
4710496
3542924
4884375
3848345
4883661
3093196
3740650
4792875
3581542
4890896
3490151
3377869
3848397
4907540
4885950
3544685
3249735
4885175
4886926
4175438
4753828
3961075
4888068
703686
4900236
3093680
4904968
3768115
3503159
3683145
3554553
4492932
4562588
3502639
3940928
4466658
4562574
4711360
4649300
4824686
3491652
4891185
4509290
4902393
4841489
3913993
4792911
4656558
4880051
4868018
4887232
3520759
678784
4905182
3752061
4521126
4880581
4710732
4792602
4872665
4869043
4845275
4862279
4908299
4844565
4855753
4901318
4900601
4700300
1723258
3847920
4856775
4710821
3778062
4661145
4175358
3848936
4856965
4835958
4906399
3369246
3661042
3554959
3503681
4675900
4681561
4772165
4038090
4175676
4610347
3503061
637023
4902308
4370559
4904201
3195510
4687761
3544015
4562545
2772184
2850897
3521031
4906359
4884831
4880181
4111730
4897280
631044
4583290
1721590
4891088
4678052
4720815
3913445
3503483
3549035
4873201
4908279
4521757
4494640
4610624
4897039
4739299
3572153
4493047
4680550
4680591
4873134
4687916
4905146
4905240
4798071
4852055
3662620
4904854
4902661
4687646
4548711
3697593
3913495
4906176
4776286
4521037
4904207
2412744
4879810
4687898
3523353
4872739
4411383
4882493
4900727
4844749
4522121
4396638
4672334
4385925
3581658
4880837
943821
4796386
4686433
668336
3380922
4792569
3377157
4788451
4521583
4907535
4906955
4823021
3005069
4856018
2698011
4678084
4661312
4370468
4710766
3490093
4906492
4902086
3377110
4880823
4907481
4889317
3407905
4889675
4873346
4894631
3365383
4903590
4901485
4521179
4469040
4906838
4761604
3491875
4676640
3503446
4046579
2589866
4683206
4882710
4879662
1469749
687675
2128403
4789579
4896177
4678114
4855607
4856143
3369172
4549326
4879495
4493417
4897175
4901601
3866249
3007840
4469042
2047172
4649046
4908267
4854539
4906566
3523885
3663916
2037495
4878628
4904298
4496341
4894667
2775209
4384626
1348876
4789692
4789811
666610
2775246
2930151
4879826
1105745
4834101
4680454
4779795
3958184
4902835
4883297
4509240
3706519
4475686
4898049
3020443
4638515
4583460
4908254
4661282
4683355
4830031
4640794
3683135
4580553
1440813
4792695
4411562
4834077
4886382
4778825
3749286
4906339
4522047
4881177
4898276
4878373
4528005
4877584
3491862
4367983
4638522
4779704
4898043
4880526
4887787
4680183
4874417
4903083
4878656
4883520
4829968
4852361
4524050
4894654
1785479
3930542
4638425
4877315
3950724
4862015
4411577
4593555
4649161
4897027
4854679
3343886
4829537
4716418
2300181
3539934
4854528
4338138
4683342
4510313
4411176
4550097
4855004
3519407
3540388
3866436
4905809
3518706
4883568
4879849
4889014
4829570
4891797
4425654
3914780
4205884
1090105
4524374
4880015
3491963
4205824
4679710
4664697
3852127
3523656
4761601
3554455
3662332
2037490
4883498
4835975
4880628
4870412
1361054
4582159
4828013
4690994
4884204
2361961
4873176
4656528
4790465
4853871
4471115
4792792
2589864
4869092
4465123
4873244
4469123
4166734
4778748
3491720
4675742
4469321
4656125
4471138
4609850
4039961
3919624
4878003
3362963
4603358
4893721
2361372
4879169
4877886
4894398
4533629
4520663
3581858
4535726
4835312
4549314
4908208
4885490
4679945
3835618
4897958
4893415
4772147
3518692
3251575
4868133
4873091
1357380
4562630
4823598
4028012
4672258
4798977
4885196
4835438
4897197
4884241
4856169
4898240
4896579
4895830
4664881
3848449
4889016
4907744
1348833
4509178
4496401
4887363
1090012
4551840
4649467
4522346
4883951
4757332
4902057
3358105
4641133
4906284
3400375
4530266
4508829
4771970
4878416
4521086
629641
4902621
3365587
4678006
4493599
3390033
4672517
4873386
2133718
4901539
4845530
4785945
4178732
4038763
4785994
4880024
4509238
4891830
4521174
2830886
4711351
4786494
4896292
4475672
4880380
3810830
4466550
3520756
4533869
3866447
3399234
4880068
3868059
3663753
4791433
3866460
3524014
4880814
4898492
3856003
3540144
4720677
4778744
4895361
4823327
3187942
2870572
4520928
3408847
4846082
4900593
4409369
4705174
3545127
4829459
3866236
4905218
4868029
3502765
3520616
3706533
4562579
3520155
4178726
4879927
4889395
4906030
4880302
3519614
4881459
4687858
3479903
4891123
4878700
4894533
3697758
3848182
4175327
3847955
635019
4530294
4530474
4530879
4525756
3488564
4893604
676743
3222961
4795512
666832
680662
4892393
1348496
4900795
3376877
4683382
4898153
4904121
4530750
4761884
4739262
4383153
4792797
4882524
4748353
4675806
4664472
4866716
3357938
3021679
4175515
4904505
4411015
4169794
4901441
3663838
3408514
665258
4521019
4897594
4837292
3728733
4188133
4410873
4872849
4550215
4875511
3848300
4891664
4391823
3847900
4883682
4878808
3093587
4772016
2037169
1571987
4739312
3554369
3377150
4522036
4520899
4522068
3251262
3662285
4681234
4884589
3235984
4656520
4641295
4835783
4882435
3852414
3408613
4827924
4681100
4883240
4882415
4886793
3683065
4582485
4530435
3540118
3697785
4779660
4883874
4893276
4880093
4520781
3519683
4683262
4411180
4880955
3543706
3369577
4834121
3519733
4856155
2373974
4411204
4877560
4761680
4874335
1993750
4792807
4525795
3408673
4887418
4894580
4898998
3347348
4873389
4903429
3540147
4493394
3835650
1284984
4856840
4587054
4375527
4887347
1366419
4828138
4530510
4529082
4888034
3554697
4530297
4683292
3408407
921956
3365430
3210917
4870065
3544093
4885180
3211878
4895515
4711136
3004699
4894534
2089114
4873076
4583432
634891
4884594
4891134
2690244
4183836
4905087
3848347
2467362
4892651
4686534
4772185
3866297
4854946
4533754
2325377
4496559
3405619
1395702
4907018
4881228
1541327
4524419
1130870
701502
4898337
2110524
3540054
4522179
4906748
4884363
4779437
4903085
4828121
4881467
4680759
690197
4885607
4906044
3491901
2371063
4856757
4835415
4643376
4835313
3663337
4883066
2189875
4786503
3540182
4897592
4678004
4662683
4900470
4788409
4683133
2361635
4830221
4384625
4881333
4830168
4683132
4786111
4469446
4905032
4887247
4493053
679044
3698163
3347920
4904109
4583454
4861748
4470105
3706407
4830145
631018
4786165
4530316
4887578
4829726
3662335
1366008
4867486
3405637
3697749
3938028
4893590
1215431
4466561
4875505
4792947
4887167
4627775
4901792
4880785
3518575
1067835
4844780
4845991
4882417
2775328
4740167
4716331
3241883
1535123
3520352
4824319
4897849
4889609
4878606
4872760
4869160
4829721
4897198
4779428
3662581
4166675
4873304
4894509
4889145
629398
4889965
2657541
4891841
4890929
3706858
4887609
3698087
4681251
3554728
2929115
4906338
4053852
3852266
3543195
4890254
4792620
4680660
4792603
1283448
4885981
2037945
3488565
4642548
3740304
4856758
2293869
4830020
4688837
4662115
4882393
3913355
4524171
4175332
4907664
3913554
4786502
4882866
4562561
4564420
4410978
3662494
4890213
4884852
4493006
4867751
4521039
4678038
3849488
2760548
3748045
3835697
4551798
1469744
4889573
4471121
3347407
4661379
4385357
4903585
4649257
3377039
4884311
4789719
4860993
4899925
4793103
4526062
3241871
4887548
4418948
4896084
2870606
4691123
4907039
4533675
1395561
4409299
4896203
4370517
3741154
4830123
4466553
4882424
3661651
3661411
2060105
4902859
4509375
4527634
3492029
2413500
4779653
4884331
4907803
4894758
4567220
4638429
4881464
4881286
4866718
4904671
3005291
4881245
4581667
3940895
3251335
4898602
4046368
4789605
4879604
4881423
3519732
3662540
2361971
4469257
4854259
4549303
4834083
4656258
4883106
4527954
4901799
4868978
1283289
4464934
4232162
4509358
3523861
4889222
4884406
4875823
4898490
3503085
4900454
4908066
3950668
4846150
4776264
4897921
4216012
4786060
3540102
4761642
4891214
4883577
4522152
4469303
4641166
4902749
4681091
561985
4873128
2047163
4603107
4883581
3916873
4879154
3704888
4835957
4166978
4886897
3530843
1058197
4858900
2519235
4118937
4889208
4662024
4885820
4885448
4878782
3520416
4872753
4753681
4676865
4748419
4738183
3503208
1560212
4880965
4856997
4580549
4784029
3950677
3489950
4038761
4906806
4517575
2915094
4784120
4875808
4906131
3343960
4830121
4776282
3960897
4710370
3913381
4902845
4672361
4896430
4776247
4856890
2036801
4517986
1426257
4900982
4763495
4872614
4882047
4711126
3919621
4409376
691635
3848868
4519237
4891668
4894939
4217161
4884499
4683370
3866426
4711391
4895233
4903548
4052457
4903856
3962720
4878563
4517590
4397515
4901033
4681050
4874777
4664528
4680287
4475673
4898995
4779496
4582041
3390102
4518439
4550267
3950760
1394886
4675741
4902697
3524012
4397518
4830202
3523285
4896542
4178597
4678091
4893551
4901901
1295983
4823364
4830228
4889996
1662425
3947990
3488639
4778823
4508908
3005001
3408406
4896281
4899392
4898122
4519518
4530727
3499254
4595016
4680756
4897841
4856121
4564458
3247979
4896193
4907196
4492865
4893841
920401
3957485
4566327
4894691
4516996
4878180
3502873
3229183
3408977
2668006
4533760
4676822
3664036
4711226
4711229
4753685
4610457
4475666
3917038
4897523
4880775
4711095
3709687
4833881
3662929
4889408
3523411
4891747
4872822
4798988
4900768
4896455
4907180
1090043
4901622
4003647
1131150
4492979
4894923
3502891
4886433
4678002
3491926
2037491
1818699
4713075
4562635
3835664
3919617
4886253
4907606
4886095
4890074
4711668
4541097
2036567
4887697
4853619
4469294
4887236
4906608
4896696
4846040
3518953
4838408
4171003
4664554
4552674
4902040
4679976
4887007
4891160
1124265
4835033
4786062
3520499
4397519
4869170
2520284
3523770
4892224
3540060
3875343
3207073
4835015
4901885
4879828
3503530
4904940
4167309
3768021
4884625
4872736
4779052
4622578
4894660
4783541
3748385
4900278
3697767
4898107
4900636
4908216
4789701
1283280
4691255
3866139
4370942
4385355
4894436
4877337
4562572
3377747
3663760
4900864
4867888
3520555
4533566
4691137
4873354
4829708
4830133
4397454
4411448
4894813
4571292
3515267
4530621
3848351
2128412
4397383
4894668
4196465
3488725
4524300
2485818
4391816
4516994
2668005
4370571
4509297
4687629
4175461
4046588
3913764
3249818
4900258
4571610
4680988
1106424
4907098
1981588
4882852
3503488
4880743
3540095
2363841
4411969
4792523
3661848
4526061
4678179
3913983
4880802
4897402
4864141
4907969
4877934
3026204
3390100
4895330
4183833
4856201
4882013
4878934
667085
2167702
4905033
3849841
4878123
4710466
4855058
4892747
4771944
3519468
4854571
4895362
4421184
4753011
3251056
4907976
3343910
4877265
3847917
4687634
3519861
4878639
4687774
3539940
4003606
3523815
4854585
4793108
4899752
4711682
2119249
4522110
4891049
3849164
666831
4676772
3697560
4880216
3376853
4187936
2977664
4897445
4716343
4891770
4397232
3887662
637031
3887828
4878155
3377154
4878921
4752951
4636278
4680996
3659959
631058
4710590
4880792
4898776
4900671
4891044
2487481
4830134
4603359
4786505
4907148
4681666
3554702
4895420
4880134
4893310
4838804
4880611
4529149
4877122
3501950
4700267
3344907
4906439
4907719
4687770
4564403
561989
4891319
4905370
4901505
4226460
4890766
4892050
701554
3093782
4175350
3223053
4887272
4748327
4572598
3866517
4904901
4656587
4887398
3663535
561994
4793093
4829973
4716424
3503713
676777
4367589
3499283
3948006
4502841
3358450
4880893
4716419
666613
4904378
4881515
701760
4752968
3344896
4842005
4552316
4885536
4583118
4169790
4875618
3545237
682715
4841661
4904838
4881722
3961063
1090202
4905636
3554958
4675725
4873018
4880711
4885980
3572790
3661719
3544979
4792576
3358628
4516859
3491727
4681008
4882275
4908246
4675825
4835942
4871642
3540288
3914347
4789986
4870153
4880547
4905425
4856156
4888985
682711
4496646
4830144
4530373
4686476
4835341
4894430
4520974
3520197
3491994
4898166
3572806
4681103
4880488
4875606
3390043
3400388
4409298
4232149
4896460
3347385
3408527
4829686
1499635
4904935
4664425
4873168
4769766
4711245
2645656
4661269
3919517
4896271
4879454
4896080
4786184
4903639
3490095
4790047
4898879
4648998
3489464
4907651
4897007
4677915
4411714
4906888
4785974
4656331
4904970
4891429
4711339
2125870
4633858
4902501
3249955
4856127
3365535
4662694
4216092
3503668
4852048
3719723
4880991
3520568
3377556
3938029
4675721
4883563
4046709
4886715
4868660
4564438
3953277
4905586
4883223
4550140
3072318
4867536
4792910
3492043
4792571
4710272
1403679
4879681
3530784
4880630
4683107
4499765
4895189
4890938
4880182
4897325
3523722
4835842
4841999
3499250
4397511
4901830
3519723
4899003
4897765
4896239
4884494
4824601
4664012
4896955
3488601
4856969
4867866
4908203
3950792
4763488
4060054
2362022
1361725
4904820
4550158
3554386
4877282
4791364
2697949
1447946
4495758
4519721
3913793
3950654
4893286
3706476
3942517
561257
2746323
4905488
3914051
4788594
4880554
4847901
4878938
4830110
4680352
3543789
4683219
4061336
4856317
3515292
4530868
4900846
4868707
4789866
4046896
3957504
4876402
4870410
4174652
3407988
3399299
3503520
4835760
3661047
4425466
3408898
2698468
4661314
3975218
3698197
4892859
4686594
4517576
1192824
2110754
4875467
4552657
4510367
4898770
4874204
3343974
4904271
3663635
2125383
4882376
4753813
4687616
4855126
3545134
4823040
4549301
4524234
4873420
4886712
4649357
4886211
4881220
4738184
4869174
4877513
3399473
3835603
4675836
2371771
4905553
4469573
4856916
4548749
2784924
4892276
4906894
4885629
4885829
4793055
1447967
3959595
2412370
4763414
4739392
3503620
4884040
4471043
4622580
4881742
4878706
3093464
4907208
1113920
1193650
4508825
4689171
4375696
4793003
2168343
3530127
4641123
4493951
4875630
4672263
2371053
3523652
4835548
4676887
4510384
4580538
4791434
4683367
1057841
2487499
4789919
4845757
2645654
3369415
4905736
3913949
2744744
1089901
4880739
4643392
3377563
4564443
1089955
4897754
2674182
4899527
4763510
3554694
3683245
4905840
2735250
4678090
4656490
3377879
3490922
4586505
4892657
4906967
2244932
1982001
4502077
4904735
4792961
4887298
4853518
4836033
4890256
4855095
4830210
4582506
4883396
4649230
4854298
3835610
3543684
3075616
4464672
2775231
4493568
4683378
4903280
4716376
4683126
4878969
4856166
4872692
4891033
3523682
4885625
2116833
3392724
4368369
4893825
4828175
4906450
4720948
3519552
4902752
3031553
4582617
4679889
4779351
4885582
4664820
4391824
3683140
3489933
4552366
4706309
4853541
4876407
4638500
4886948
4470091
2953638
4901126
3663288
4061487
3914135
4424448
3523223
4686444
4875811
4889690
3660537
4550189
3347368
4778594
4880084
4885218
4838431
4902414
4582621
3935746
4889146
4524090
4883431
4901265
3520515
4900757
4897380
3408813
4664746
1058193
4870163
4166419
4893434
3503940
4410975
4905247
4897981
3235967
2771489
2487541
3251170
1399393
4700333
4790448
3502819
4681141
4890887
1090029
4527960
4679813
4292988
4895862
4680823
4874761
4649228
4178731
4786347
4906004
4898350
3861995
4898889
4878963
4370690
4681505
4786307
4882458
3390094
3530553
4892233
4178771
4672430
4904653
4856907
4872890
4833860
3503865
3408534
4776266
3848107
4902258
3723906
3026004
4711254
4835118
4885529
3829928
4776303
4881191
4496576
4895669
3377508
4710806
4622562
3195630
4908010
4886484
4664819
4562629
3502834
561238
4599723
3950708
4904356
4466657
4907711
3852929
4838652
3004780
4723398
4885209
4411368
4530393
3851349
942820
4680832
4649186
4901790
4687601
4753067
4889731
4905031
4889366
4889013
4907826
4664824
4685240
2963960
4891886
4586964
4517570
3852456
4661254
4344144
3363025
3369158
4683234
4899942
4795584
4904020
2930142
3950681
4677985
4829508
4855485
4873299
4867895
3249950
3528569
4550079
4907405
4520778
4661380
3492073
3523946
2046234
4522191
4397601
2759174
3524463
4885443
4907890
4748316
3848858
4475641
4903922
4823532
1718613
3407903
4042929
4470088
4656388
4873206
4902045
4901119
3663252
4778888
4861202
4788531
4753036
4671390
4900588
4776318
3848441
3376966
2695690
3761102
4829465
4778951
4897658
4897974
3358046
4681216
4175665
4906065
687681
4873085
4897646
3950811
562828
4680339
4875547
3377040
4175693
3523669
4906447
2487462
3241880
4875475
3663588
4879476
4887182
3848157
3093579
4776056
4683273
4384646
4897871
4884382
4884283
4899372
4907503
4889610
4894571
4469014
4829539
4888036
4903754
4496403
2865876
4905176
3697675
4891788
4681081
4853878
3532190
3954214
4649545
3662020
4877353
4897953
4723665
4899681
4879060
3683213
4885739
3862802
4679811
4509317
4796917
4777603
4882052
4533663
4784018
4639162
4564511
4905280
4792717
3848884
2300097
4887549
3408430
4464926
4830108
4292998
4886325
4167328
4205888
4883206
4829919
4883674
4792738
4649045
1721602
4834085
1281061
3662251
1393093
4872564
2775298
3156944
3763948
4174633
3502649
4469388
4889662
3958427
4691153
3960597
4391801
4678137
4903727
4896259
4894884
4567046
4862719
3530765
4799018
4798976
4526000
4895396
4711798
3523222
4884834
2645467
3914369
4886673
4891142
4907688
4740038
4895439
3765580
4710804
2243307
4885997
3251259
4664474
4587037
4889054
3249974
4901123
4575518
4905595
3697783
4521031
2785484
4867522
3866177
4904774
4175349
4753073
4178602
4769774
4769755
3697374
4904972
4656340
3503775
4710960
3706859
4829920
4885800
4893636
4878296
4492917
4896704
4856015
4582160
4753818
3683198
4903857
4622919
4771949
4903685
4900296
4867995
3488679
4898119
3523806
4900495
4786523
4716380
4900932
4894522
2775306
3890237
4700352
3930616
3503048
4760382
4789750
3529062
4779447
4521651
3247813
4175430
4897019
4465078
1982011
4823561
4904308
4905110
4661297
4518020
3524485
4641112
1284420
3503808
4898207
4769761
4878939
4903699
4835325
4887050
4641265
4889574
4824856
4877885
4880445
4691028
3544698
4779608
4370499
4641083
2772188
3343942
4559582
4686502
4784025
4862014
4760467
3706344
3523886
3661051
4661134
4841964
3555029
3344144
4370488
4893280
4838701
4510299
2371058
4564516
2362046
3358723
4778745
4903368
4891929
3408512
4465920
4882000
3503757
4661184
4886511
4844897
3005742
680656
4907956
2645667
4893566
4902700
4548732
4902884
4533547
4899019
4786514
4882481
4038437
4901671
4902974
4907920
4711042
4469323
4892677
3960038
4854315
4222446
4882828
4564409
4779616
4796978
4038648
3731609
4567110
4875515
4502855
4904382
3663498
4879058
4797726
4775915
2167706
3515224
4522084
4705211
4854521
4037606
2036587
4901323
4656144
4875613
4550225
4753679
4672550
3544847
4887065
4641118
4838668
4053846
3405687
3251436
678686
4643476
4681692
3661049
4901981
3729381
2243499
3682055
4882901
4896908
948642
3249809
4583229
1388704
4797479
559679
1284872
4779489
4869099
2784904
3660812
4710986
4710122
4895637
4881030
4907838
1747728
4881745
4640795
4908392
4792871
2735507
4883390
4901968
4502018
4656339
3961002
3947975
4566467
4895314
4466571
4908301
4784043
4879294
3520485
3661847
4710813
4370670
4856023
1366415
3377270
4898088
3519582
4899529
4847892
4895507
4903366
4385332
4903620
4896686
4897659
3362522
4872627
4884404
4879163
4895496
4586608
3582057
4898154
4610616
4895208
4839186
3682933
4844950
4895383
3581985
4175285
3523719
4830035
4792534
4868000
701547
4039960
4902614
3515996
4898779
4900749
3913754
3848122
3503795
4368241
4700284
4902811
4875626
4896520
4878601
4903721
4519523
4891256
4672565
3915297
3363017
4527909
4783534
3848209
4904823
3503567
4903361
4418554
3848459
4855489
4493365
4686560
3479999
4907918
2486561
4786517
4889875
4509213
3706290
4752948
677169
4887416
4775833
4681138
4905813
3592027
3849806
2830880
2772198
4700265
3680995
3530216
4680826
3491854
4901847
3499644
4883394
4904229
4868545
3357405
4567072
4523390
4580367
4793110
4877743
4544504
4046793
4896510
3540368
3530773
4720821
3950758
4897049
3682944
4569198
2685364
4880642
4905231
4896065
4829658
3520392
4776367
4906879
3697826
4904221
4855867
4753174
4520846
4907610
3519369
3938030
3380886
4839534
4672511
4879748
919493
1243902
3731589
4905228
4858973
2363828
4525731
4897404
4907246
3708729
4779539
4904734
4858818
4859128
4897503
3961104
4883236
4641965
4892016
3520565
4902772
4899062
4672213
4905398
3377445
1284848
2088355
4681600
4858714
3947980
3849942
4752961
4522098
1089952
3697357
4856759
4680302
4582152
4799013
4907995
4893828
4583478
4687803
4716367
3503631
4038340
3663334
4775926
4641176
4892646
4888319
4523439
4896482
4856440
4643473
4882096
3913557
4902051
4580490
4620758
4852387
4878266
3358042
4891910
2589861
4898083
4890877
4885213
4779636
3914395
701587
3489452
4892670
4902998
4175651
4710962
3540323
4884000
4235318
4795532
4649288
4875843
3706340
4867875
3852708
3249738
3365414
716823
4710701
2645476
3004676
4494646
3660493
4882859
4895466
4879955
4681589
3848165
4711031
4905649
4907296
3915295
4711072
4501968
3407425
3683021
3540081
4789036
2054250
4905143
3364326
2332985
4720716
3499521
4900060
4890586
4524323
4855334
4470111
4469163
4796974
4547796
4680993
4868998
3503853
4891615
2830889
4687776
3950744
4823039
4562607
2109822
4564401
4823624
4370530
4904326
4681503
2364950
4760367
4517133
4855856
4683371
4880583
4891840
3748038
4889257
4855926
4691015
3235980
4580505
4680072
3862009
4370611
4904985
4898591
3026219
2037671
4885727
4471151
4855928
1395166
4906746
4830103
4523370
4897446
3020985
4891357
4874185
3408411
4889888
2775330
4896886
2116879
4793120
3524015
2773998
4876420
3706529
2315533
4053826
4603112
4903691
3697599
4549296
3377506
4823382
4368250
562006
4892761
3540022
3523286
4775842
4691247
4868755
4906323
4904618
2234873
4889676
3540416
4522118
3347361
4687606
4900031
3520615
4201815
4687823
4907479
4900353
4894434
3518688
4700331
3542926
4896776
2371511
4566355
4711395
690205
4841896
4521739
4830051
4861482
4888347
3572898
4723387
1395178
4835109
3663289
4905483
4907909
4854778
3572822
3683142
3491864
4904028
4397517
4823428
2919521
3875159
4879631
4895199
4886959
3358050
4905625
4892194
2125866
4368345
4379799
3210921
3544742
3390079
4789850
4885477
3847877
2128401
4882994
4875735
2747437
4571622
4533508
4779453
1818706
4683175
4043208
3211793
3697728
4880319
4878588
4906744
4677991
4748375
4902624
4879760
4891738
4905108
3157295
4891312
4530735
4680439
4830086
4878917
3543919
4763498
3251557
4862283
4880100
4853905
3603625
3489945
4878147
4562633
3660968
4610343
4834212
4469350
4656099
4898306
4879466
4418653
4656212
3344900
4891791
2365031
4370686
4907643
629531
4829407
3520811
4874203
4530553
3229177
3544708
4897163
4723400
3005233
4875595
4829430
3554690
4411959
4875829
4878833
4873129
3810829
3662253
3390035
2324604
4756534
4906590
4167457
690211
4681525
4859962
4899196
4888856
4891195
2315900
3523667
4905077
4502834
4892019
3746337
4880325
4672367
1731972
4656107
4876399
1349049
4896705
3544752
3591978
3026054
4888966
4882591
4688915
4649121
1321562
2244712
3917066
3835604
4894510
4877338
3659961
1723259
4853388
4889825
3365597
4838669
3358348
3848188
4829477
4743232
4829941
3852864
4518154
4889537
3913640
4885589
2830882
4796434
4885586
