4677871
4897258
2088930
4883939
3405513
4681002
4672508
4890941
3848439
4761843
3343528
4748364
4530347
687687
3523266
4493346
4856836
4829696
4509188
4879459
4905419
4711215
679056
4183614
4878038
4196404
3520746
4672470
3488604
3953271
4582161
3488638
4895401
3026017
4232142
3523691
687680
3950745
4883852
4829904
3358413
4649578
4880332
4720737
4892928
4905777
4856197
3661536
4835209
3704889
4877546
3866292
4903574
4791460
3683225
4656665
3706581
4905890
4886908
4880439
2363003
4891592
2830881
4855049
4680330
3903916
4904355
4792606
4492924
4894488
4906819
4691454
4860336
4886962
4583287
3660878
4856941
4857418
3524000
2735514
4687674
3957492
4789597
4038582
4683313
4906887
4904905
4836001
4886675
4880760
1721409
3950704
3390052
4888749
4904670
4412002
4908230
4879991
4856137
4875882
