4677871
4897258
2088930
4883939
3405513
4681002
4672508
4890941
3848439
4761843
3343528
4748364
4530347
687687
3523266
4493346
4856836
4829696
4509188
4879459
4905419
4711215
679056
4183614
4878038
4196404
3520746
4672470
3488604
3953271
4582161
3488638
4895401
3026017
4232142
3523691
687680
3950745
4883852
4829904
3358413
4649578
4880332
4720737
4892928
4905777
4856197
3661536
4835209
3704889
4877546
3866292
4903574
4791460
3683225
4656665
3706581
4905890
4886908
4880439
2363003
4891592
2830881
4855049
4680330
3903916
4904355
4792606
4492924
4894488
4906819
4691454
4860336
4886962
4583287
3660878
4856941
4857418
3524000
2735514
4687674
3957492
4789597
4038582
4683313
4906887
4904905
4836001
4886675
4880760
1721409
3950704
3390052
4888749
4904670
4412002
4908230
4879991
4856137
4875882
3857147
4858832
4887018
3343787
4726804
4775827
4529157
3697745
4167279
687682
3706524
4686525
4897555
4877279
3866425
3540063
4908302
4877618
4409265
4889105
2744743
4595022
4901664
3565795
4535735
3520118
3488413
3957502
4175496
4907614
4830261
4530874
1090047
2155367
3195621
4786036
4907003
4793045
3491697
4727145
4038339
4772447
4410917
4887189
4878041
4887149
4492525
4518118
2363837
3490713
4905749
3491597
3662449
4786306
4779049
2697674
4838422
3660539
4883695
4834099
4680347
4901448
4887426
4895667
4886655
4907140
4368324
3913470
3950801
4649226
3503174
4525759
4502028
4881387
4868773
4397520
4886877
4620754
4907206
4900835
3408495
4904510
4880497
4906986
4898209
4904391
4883037
3767953
4883047
4661195
3852863
4567065
4891653
4052495
4907513
4906808
4590817
4683248
3005115
4216611
3554987
4900169
4582475
3212280
4885722
4370627
1719961
4907244
4887316
3866437
4793022
4397040
4889439
4710791
4789586
3520481
3852180
4885146
4854674
4903720
4882780
3520695
4893403
3408819
4835979
3663998
4524215
4844733
3544148
4509345
4530565
3954185
4519758
4789991
4756543
1394893
701831
3357995
4680343
2293859
4905389
4870411
4411516
3868014
4770155
3662204
4680746
2069984
1357397
4595065
667004
4678035
4908076
3515994
4550090
4901127
4887281
3031302
4550171
4520896
4424791
4761606
3829998
4877285
4687881
4681087
4883615
4880724
4907072
1132824
4541096
4898781
3662925
4879827
3848840
4887428
4844778
4519336
4523263
631017
3554579
2060101
4891491
4798961
4166403
3960977
3377452
4338137
4844782
4898987
3554988
4397509
4610469
4175454
4562434
4661243
4526033
3004857
4649063
4038186
3748387
4691006
4175370
4853841
3935748
4830223
4880769
4907440
2929904
4878156
3401913
4776007
4469191
2158893
3664926
3545402
4878042
4792581
4493344
3488629
3369109
4852838
3503175
1959427
4875510
4656561
3706594
3660053
4892916
4743236
4779435
4779442
4880560
4567102
4562549
4828179
4664366
3950747
4896173
4881581
4753059
4855933
3728739
4861481
4680359
3554410
4890854
3835737
4375523
4887271
4878272
4710942
4789615
810179
4711330
3357934
4676836
4055164
3866366
4424975
4155306
4902079
4178767
4882748
3489838
3503633
4525902
3852682
4680858
4906422
4905339
2852816
4683388
4552679
4675824
4521164
4412324
4183116
3540171
4550106
4886644
3529800
3408635
829310
2929913
4901963
4902748
3489984
4777594
4904559
3005103
4687732
4895544
4740029
4524362
3365563
4873415
4890783
4661126
3004779
1747719
4873081
1733894
4905401
3503705
3491666
4789830
4175494
3519810
4778762
3661303
4522139
4523373
2492351
4829714
3763944
4883505
2639520
3866467
4902038
3763922
4890266
3765340
3663286
4469256
4789570
4879863
4777604
3960809
4887569
4883281
3365409
2293860
4854798
4899139
3545238
4784042
3545143
4878028
3361058
2087974
2687844
4896651
4830157
4895180
4680869
3765007
4166547
4582156
4894812
4902397
4823612
4397503
3848267
3741118
4686581
4839194
4902907
3848137
4899170
3900266
4873417
3529885
3957501
4791373
3520404
4829703
4887574
3950648
4785992
4904374
4610609
4896893
4739183
4530301
4530325
2759173
4901253
3365422
4899915
4640778
3848328
3851170
4656568
4823619
4902005
4883438
4886786
4739269
3540238
4838666
3849492
4649329
3408637
4464677
3848254
4520978
4907756
3543046
4873338
