4677871
4897258
2088930
4883939
3405513
4681002
4672508
4890941
3848439
4761843
3343528
4748364
4530347
687687
3523266
4493346
4856836
4829696
4509188
4879459
4905419
4711215
679056
4183614
4878038
4196404
3520746
4672470
3488604
3953271
4582161
3488638
4895401
3026017
4232142
3523691
687680
3950745
4883852
4829904
3358413
4649578
4880332
4720737
4892928
4905777
4856197
3661536
4835209
3704889
4877546
3866292
4903574
4791460
3683225
4656665
3706581
4905890
4886908
4880439
2363003
4891592
2830881
4855049
4680330
3903916
4904355
4792606
4492924
4894488
4906819
4691454
4860336
4886962
4583287
3660878
4856941
4857418
3524000
2735514
4687674
3957492
4789597
4038582
4683313
4906887
4904905
4836001
4886675
4880760
1721409
3950704
3390052
4888749
4904670
4412002
4908230
4879991
4856137
4875882
3857147
4858832
4887018
3343787
4726804
4775827
4529157
3697745
4167279
687682
3706524
4686525
4897555
4877279
3866425
3540063
4908302
4877618
4409265
4889105
2744743
4595022
4901664
3565795
4535735
3520118
3488413
3957502
4175496
4907614
4830261
4530874
1090047
2155367
3195621
4786036
4907003
4793045
3491697
4727145
4038339
4772447
4410917
4887189
4878041
4887149
4492525
4518118
2363837
3490713
4905749
3491597
3662449
4786306
4779049
2697674
4838422
3660539
4883695
4834099
4680347
4901448
4887426
4895667
4886655
4907140
4368324
3913470
3950801
4649226
3503174
4525759
4502028
4881387
4868773
4397520
4886877
4620754
4907206
4900835
3408495
4904510
4880497
4906986
4898209
4904391
4883037
3767953
4883047
4661195
3852863
4567065
4891653
4052495
4907513
4906808
4590817
4683248
3005115
4216611
3554987
4900169
4582475
3212280
4885722
4370627
1719961
4907244
4887316
3866437
4793022
4397040
4889439
4710791
4789586
3520481
3852180
4885146
4854674
4903720
4882780
3520695
4893403
3408819
4835979
3663998
4524215
4844733
3544148
4509345
4530565
3954185
4519758
4789991
4756543
1394893
701831
3357995
4680343
2293859
4905389
4870411
4411516
3868014
4770155
3662204
4680746
2069984
1357397
4595065
667004
4678035
4908076
3515994
4550090
4901127
4887281
3031302
4550171
4520896
4424791
4761606
3829998
4877285
4687881
4681087
4883615
4880724
4907072
1132824
4541096
4898781
3662925
4879827
3848840
4887428
4844778
4519336
4523263
631017
3554579
2060101
4891491
4798961
4166403
3960977
3377452
4338137
4844782
4898987
3554988
4397509
4610469
4175454
4562434
4661243
4526033
3004857
4649063
4038186
3748387
4691006
4175370
4853841
3935748
4830223
4880769
4907440
2929904
4878156
3401913
4776007
4469191
2158893
3664926
3545402
4878042
4792581
4493344
3488629
3369109
4852838
3503175
1959427
4875510
4656561
3706594
3660053
4892916
4743236
4779435
4779442
4880560
4567102
4562549
4828179
4664366
3950747
4896173
4881581
4753059
4855933
3728739
4861481
4680359
3554410
4890854
3835737
4375523
4887271
4878272
4710942
4789615
810179
4711330
3357934
4676836
4055164
3866366
4424975
4155306
4902079
4178767
4882748
3489838
3503633
4525902
3852682
4680858
4906422
4905339
2852816
4683388
4552679
4675824
4521164
4412324
4183116
3540171
4550106
4886644
3529800
3408635
829310
2929913
4901963
4902748
3489984
4777594
4904559
3005103
4687732
4895544
4740029
4524362
3365563
4873415
4890783
4661126
3004779
1747719
4873081
1733894
4905401
3503705
3491666
4789830
4175494
3519810
4778762
3661303
4522139
4523373
2492351
4829714
3763944
4883505
2639520
3866467
4902038
3763922
4890266
3765340
3663286
4469256
4789570
4879863
4777604
3960809
4887569
4883281
3365409
2293860
4854798
4899139
3545238
4784042
3545143
4878028
3361058
2087974
2687844
4896651
4830157
4895180
4680869
3765007
4166547
4582156
4894812
4902397
4823612
4397503
3848267
3741118
4686581
4839194
4902907
3848137
4899170
3900266
4873417
3529885
3957501
4791373
3520404
4829703
4887574
3950648
4785992
4904374
4610609
4896893
4739183
4530301
4530325
2759173
4901253
3365422
4899915
4640778
3848328
3851170
4656568
4823619
4902005
4883438
4886786
4739269
3540238
4838666
3849492
4649329
3408637
4464677
3848254
4520978
4907756
3543046
4873338
4711248
4907578
4524120
3683442
3530164
2849020
4887044
3948053
4857413
3913627
3662200
4711050
4676835
4411576
4898007
4877562
3849187
4411515
3540142
4882455
1436463
4878678
2929180
1357375
4904569
4883502
4882497
4700335
4672489
4043316
4835223
4530473
4877530
4691133
3212175
2158894
3093715
4828022
3005231
4683228
3503571
4846075
4205847
4425425
4622558
4905552
4552685
4574454
4877261
4664777
4885150
2977656
4880331
4731618
4523388
4522184
4797565
4524140
4894708
4166416
4855333
3581731
3543917
3530789
4761848
1235547
2775221
4533833
3081724
4907464
4508687
3408808
4680089
3554811
4711035
4882245
3249825
4789874
4856917
4889505
4522106
4837704
4792767
1735308
4906974
3494706
4496656
4524200
4792537
4835456
4583373
2060100
4852870
2771204
4901936
2299994
2487540
4856029
4680992
4788617
3490559
4888826
3520343
4878206
4824873
4466476
4882374
4903725
4524297
4169826
3661295
4889315
4889702
3848711
4753167
4829469
3852683
4683394
4868096
4551836
4566417
4906551
4896438
3004991
561996
4038088
4830150
3488640
4905460
4852336
2771324
3544547
4533770
4411701
4175341
4524294
4524158
2849082
3235970
4677968
4493341
4872810
4900897
4899182
4795521
3401787
4664551
4887319
4583186
3519679
3515279
4884232
3524009
4835816
4823441
4890816
4649281
3849427
4582489
3523379
4896508
3358825
4061691
1283440
4901554
1365862
3488666
4868144
4792882
4901453
4885114
4763500
4888978
694874
4786022
4872746
4838634
4784023
3491676
3750546
4885901
4893448
4907147
4899470
3503352
4907900
4786199
916716
3663491
3405684
4889216
4857518
4789887
4691342
4908275
3518681
4889589
3249976
4519468
4904386
4907225
4901909
4896189
4883503
4885584
4739347
4893701
3683100
4178752
4902976
3503417
3540318
4523443
4397451
4908021
4901515
4217158
4883461
4881499
3930565
3848270
4897774
3516134
4880274
3388093
4894574
3405664
4894860
2268705
4475670
4758728
3502874
4854410
3490491
3947991
4838303
562802
4835871
4879829
4880977
3231163
3358614
3362498
4201811
4642117
4580399
3390054
3554140
2055084
4779599
4789939
4716327
2923795
4559749
4760442
2608710
3093669
4549729
4508818
4867959
4852352
3072316
4900695
4907966
4548740
4061148
3961457
4902814
3746336
4886920
4881648
4905626
4873198
4740181
4891147
4792819
4889316
4903762
4781421
4567165
3913571
4567146
4875612
2321401
3520355
4502082
4397541
665353
4879481
3400449
4711277
4907772
4889963
4772183
4883055
4898354
4167297
701799
3520581
4889618
4672545
4905684
4904184
4874188
4845191
4638532
4411694
2698463
4789979
4835962
4907458
3251234
4908037
3960964
4903712
1287618
4710521
3358559
3518944
4789838
3408941
4739388
4643471
4524081
4806521
4205852
4907444
4862009
4903331
3697508
3661918
4656504
3503426
4771985
3523959
4739283
4587646
4570111
4868156
4900913
4875758
3358096
4681150
3093740
4885635
4664372
4884477
4905740
4883948
4784062
4908227
3848998
3544633
3520755
4906373
4526041
4368015
4894611
4583269
4906048
4530683
4844788
4885421
4691383
4620725
4830268
4863946
3913990
3764800
4885597
3369159
4877610
3518632
4900594
4664360
4549312
4791467
4784036
3919513
4901771
3950767
4885131
4898572
3523257
3728801
3357288
4520832
4753819
4469317
4574335
4891378
4905469
4894335
4903159
4878044
4178721
1361734
4901860
1283504
4853847
4829592
3503576
4859529
2128396
4509094
2923759
4881361
1469758
4784057
4886564
4411410
4896632
4175366
4687832
4903718
4833872
3377231
4888094
4046693
4901821
4905135
4897376
4891019
4798984
2668817
3488462
3357461
4899205
4411461
2361632
4175625
4908341
4884403
4877410
3004717
4878407
4905026
4888217
4856328
4894731
4856412
4520924
4680549
4789769
4829599
4582504
4567041
4883470
4898129
3176983
4898718
2155358
4061184
4683073
1361094
4789844
3543150
4906723
4899060
4679901
4902427
4562430
4691025
4678112
2965171
4877719
4493366
1267283
4860517
4675890
3914286
3074795
4890904
3519581
4562442
4880061
4580493
4687915
4897028
4198835
4357958
4894746
4523274
4895203
4656385
4883942
4680809
4867976
4894359
4471074
4677949
4907304
3004696
3251165
1298659
4493564
3490123
4905866
1447966
3093628
1366423
4901425
4789627
3081902
3913376
4713277
3543151
4884213
1302172
4853890
4852296
2326375
4603447
4691156
3529625
4892753
4898278
2850888
4679865
3005749
4727635
4895327
3913555
4559960
4711011
4874285
3400351
1439550
4855636
4619340
4530340
3407427
3357548
4891371
4700321
4706318
4887070
4502045
4895210
4847946
4883713
4713080
4886758
4890996
1394883
3747952
4885988
3554669
3093787
3903113
4411033
4896978
3377761
4878005
4465103
4887391
4823282
897030
4758732
3848580
4829603
2487480
4465004
4789787
4619339
4785967
4474164
4216862
4580570
3662535
4900934
3544741
1366567
4898039
3518533
3488576
4710718
4837538
4533517
4904792
4174386
4710755
948957
4649353
3661045
4880692
2771649
3519944
4859224
3377194
4789872
3545300
4838599
4878409
3913643
4691357
4786194
4904432
3914607
4895626
3491929
1323316
4882804
4055162
3211310
3357746
3544574
4903897
3235960
4678094
4522698
1366010
3544009
4167342
907692
4891023
4687833
4793068
3363893
4711129
3940735
2371047
4887292
4656517
4889673
4829441
4897541
4868126
3663201
4879560
4899105
4884574
4526048
3913780
3869618
4853233
4785915
4779692
3499399
4418921
1747740
4891755
3004850
4880348
4886567
4559970
1723257
4533775
4618741
3746329
3358560
4880060
3492004
4775862
4638551
4903431
4882796
4882474
4829455
4884832
4908363
4720897
3697364
4835437
4897383
4908111
4873241
4562552
4510413
4649405
3950873
4878820
3400364
3697370
4739199
1981606
4903334
3229400
3519757
4656387
2300186
4891690
4905145
3935745
4854409
4902922
4885492
4370958
4882747
1719979
3365667
4884533
1298648
4898948
4853117
4876386
3408859
3525489
4905706
3520369
3704332
2036806
3848452
4904836
4883443
3503378
3488502
4792653
4644063
3363049
4829646
3523219
4772188
4689204
3357596
3913638
4844781
4778849
4860230
4525889
4883638
4569206
4542044
4907872
4675795
3947988
3543114
4681533
4188125
4829581
4793075
4720763
4887300
4835968
4680197
4891819
1830538
4609860
4881201
4875585
4656650
3848365
4892740
2865977
4716333
4835815
4370677
3767081
4727119
4885712
4061883
4899748
4883680
3731600
1294697
4166966
3520545
3947996
4883513
4661237
3488661
3347404
3362957
4175487
3093597
4889567
3875338
4776104
4901759
4592056
4533512
4907879
4904230
4897267
4397025
4897923
4748407
2773994
4899389
4904849
4901853
4907671
4680205
4903348
4882981
4680420
4792549
4175431
3523838
4739364
4903292
4672359
4903523
4835211
4061457
4283665
4175301
665260
3365393
3663050
4888325
4566433
4469471
4901692
3361060
3697587
4661255
4878154
4829684
3930607
4835869
4860333
4790462
3344914
4883339
3913715
4835119
4895641
4891237
3499641
3847879
4898600
3866277
4891077
3365751
3961456
4884440
4679956
4881226
4508698
4143627
4691128
4681083
4649442
4469055
4522125
4866703
4678135
4900579
4493605
3362527
4562540
4905910
3408436
3663008
4903121
3343533
4789898
4776337
4897919
4792719
4880812
3763939
789410
3866215
4906352
3519819
4583112
4885918
3848709
4854421
3913769
4411735
2364962
4583131
4679873
3661648
4905852
3519785
4524553
3919648
3347342
4873359
4549723
1981582
4854769
4897616
4902011
2063133
4227926
4889884
4520980
2683307
3767039
3408667
4530274
4542034
2054232
4549307
3499318
3662788
4038348
4675788
4905901
4672569
4724581
4175530
3093713
4789843
4874644
3529042
4887433
4880337
4580495
4901545
4904379
4901795
3251450
4781419
4664766
3958264
4760436
4061173
4865463
4906321
4878709
3765009
4370582
4786054
4175624
3913656
4753171
4469060
4861187
4905439
4370588
4891046
4893634
4881106
3358098
3250000
3947995
4885999
4877317
701592
4370825
4739321
4905433
3503562
4907996
4838638
4904301
3962708
4792865
4882034
2744747
4046625
3866225
4875473
4143614
4175381
2749421
4885357
4661412
4779679
4823368
4897844
4533507
3913389
4823068
4424722
4508832
4533750
4523447
3401844
4902694
4583267
4904943
4525726
2870624
4776246
3251235
3520127
4680956
3540283
3914401
2668818
4418927
4370549
4880438
3503590
4779577
3540301
3706696
3849152
4771965
4901590
4585607
4892689
4437030
4877839
4496581
4522268
3369555
4859533
4885154
3519514
4496327
4566512
3913400
4875692
1295982
4167446
4469099
4904420
4548747
4059427
4642546
3524392
4905313
3697409
2333966
4469052
4711142
4889927
4727099
4895484
2036803
4710816
4582186
4661344
1981602
4837708
4710990
4883060
635018
4510383
3520519
4567035
4880058
3848489
4175678
4772181
3530839
3554551
3847875
4880415
561254
1357402
4656215
4775848
4903926
3664082
4880751
4868937
4881418
4675778
4662690
4463011
4583416
4675910
4905711
4841975
4823018
4893494
4883011
677168
4166814
3554320
4769750
4882485
4855361
3489602
4530844
4679732
2037144
3520570
4889914
3566305
4902035
4789726
3660809
1469736
3875312
4649469
4891093
3947978
4797511
4908240
4680210
3915303
3480219
4711263
4882410
4189099
4788421
4609856
4656622
1919748
4895488
4904723
4861751
4901722
4519606
4391822
3871427
4656239
2054226
4574450
4856318
4908293
705810
4680825
4890262
4739239
4687891
3913808
4891769
2362086
4878107
4688032
4739221
3529929
4873382
4893613
4680715
4889872
4900414
4891397
4691250
4519535
3007952
3388218
3519547
4426890
4686613
4898783
4769733
3491971
3662936
3706406
3704327
4877295
4519345
4894922
4854262
4892941
4863151
3903911
4880265
4896158
4680292
4880771
4397380
4530599
4880695
3519895
4880070
4900551
4899108
3848321
4789824
2315954
4889238
4397224
4878083
4853220
3697351
3072308
4880102
701493
4638519
4906346
3852653
4502828
4879161
692324
4789984
3223023
4663902
4895536
4891211
2685361
943955
4888486
3520167
4884439
2480433
3543677
4610488
4676776
1981569
2167710
3365653
4760460
4720755
4907093
616909
4691298
4687783
4496376
3862001
3866475
4509356
4854256
4656549
4691311
4886529
4894581
4683392
4757357
2775301
4906968
3682831
4038089
4828151
4493048
561975
4897399
4763401
4901744
4175335
4619308
4519338
4786140
4493574
4778953
4887687
4904158
4533764
4906875
4396637
4520942
3523845
4691034
4893651
4905720
4727608
4889615
1130879
4776313
4471078
4664552
1349046
3554132
4496569
4425408
4509214
1175155
3660891
4881326
3765675
4885613
4522226
2735247
3661795
4567023
3074621
4881847
4867985
2965155
3369178
3543351
4893639
4874283
4641613
4887345
3362955
665409
4906054
3249798
4899944
4904190
4902390
629545
4877739
3195508
4885962
3940931
4178238
3523216
4887114
4903407
4475629
4884577
4523418
3661378
3520602
4521148
4877926
4881500
4881221
4643384
4772435
3664080
4845495
4835450
2866225
4567209
4883128
4885596
4891067
4904740
4837001
4907805
4469242
4890893
4894838
2062640
3697496
4510353
4756558
4879915
3549022
4905996
4580531
4876981
4906311
4897820
4710395
700021
4907160
2487457
3662579
4883851
4887141
4798177
4706354
4885170
4610315
4874289
4885884
2491908
3763951
4889024
4753057
4893706
4509301
4370715
3408956
4222163
4844947
4878210
4789700
4649319
3392726
1394895
4829683
4706361
4887423
1393010
4884511
4906969
4524360
4900218
4753666
4061179
3697695
3706276
4868003
4887382
4370504
4469072
4901129
2371742
4896516
4897093
4898463
4183616
4869129
4471124
4879065
4656529
4469850
4779570
4664433
1383905
3829922
4593881
4906194
4559769
4898185
4823374
4869131
3520642
4897219
3249993
3488516
3195487
2929172
4710759
4882587
3520666
4656236
3975220
3662016
4763428
3407946
4906564
4878902
3914046
4899137
3685211
4830204
4867978
4878510
4753830
4893860
4907817
4175432
3358622
4037607
4902417
3503690
4680333
4880381
648383
4901829
4885502
1747736
4886276
3229398
4908258
4868146
4687673
4886571
1846823
4899896
3249790
3515993
4901274
4791456
3957471
3914778
4824662
4906448
3215054
4892866
4409331
1185739
3848131
4903697
3698091
4898959
2775293
4890734
4891961
4899199
3540349
4899580
4656565
4572548
4397468
4877226
4779758
4893606
4525774
3358612
4550076
4502858
3706471
4548763
4740168
4739248
4583323
4595031
3852889
4899367
3960368
4533601
4901755
4792525
4906689
4868919
4675946
4894687
4901783
4856681
3249954
4727133
4878221
3093666
4899332
3490790
4622929
1124260
3523402
3400446
3004781
4898409
3377050
4883124
4683331
4680709
4898098
4368310
4648974
4905671
4897005
4899186
4530529
4878194
4753826
4856615
4901734
3764798
4687830
4860331
4678108
4872589
