4641126
4641102
4641100
4641125
4881767
4896446
4894654
4881649
4894432
4641123
4847843
4883267
4466883
4898971
4882004
4880920
4881032
4879665
4880870
4896444
4881763
4879814
4837692
4881646
4882373
4675254
4641097
4881699
4641121
2853712
4839462
4894747
4880461
4882037
4882012
4881086
4689189
4866815
4881018
4880877
4894727
4882090
4883265
4882096
4880179
4882419
4883245
2412748
4880137
4845575
4879716
4836301
4881771
4641124
4886124
4641099
4898969
4880898
4897075
4880471
4886126
4881655
4881879
4881034
4896445
4894728
4883264
4897522
4883263
4881850
4882405
4880950
4879816
4843670
4886125
4882395
4881774
4882092
4880531
4880921
4890239
4879807
4867892
4879656
4893733
4844433
4788147
4882094
4882148
4889953
4880874
4879680
4881764
4879560
4788175
4897073
4882088
4689727
4882385
4881650
4898959
4890238
4894745
4845585
4873281
2591183
4052472
4882044
4880871
4881703
4826562
4867874
4881027
4894652
4882086
4889960
4689153
4711350
4880919
4871639
4881540
4551798
4881088
4052418
4847839
4882005
4639038
4866821
4867889
4879645
4867866
4899065
4906795
4880468
3719741
4879662
4880094
4881644
4880005
4880133
4881013
4882367
4052417
4879600
4895174
4880946
4847841
4881776
4880880
4894430
4879815
4731622
4788145
4881036
4880912
4880139
4882415
4898967
4551796
4881653
4882031
4889965
4880132
4894746
4894767
4880451
4899068
4731620
4896942
4437022
4881040
4866823
4881037
4894428
4879663
4879811
4894653
4437021
4437020
4689197
4882388
4571295
4880126
4905670
4899064
4830222
4889964
4880915
4882003
4880865
4881852
3950746
4879711
4882103
4727079
4880892
4890257
4829969
4899030
4889935
4881772
4890256
4617702
4716340
4689155
4881084
4889958
4880860
4882011
4879817
4882401
4829916
4844447
4882372
4881657
4881041
4889959
4882002
4731621
4551797
4880185
4881761
4881737
4641105
4877704
4886127
4466482
4879572
4880913
4899031
4880879
4689186
4879659
4880944
4882098
4879812
4897194
4894765
3733198
4889900
4879677
4883266
4617703
4845114
4898970
4843679
4829915
4880869
4896945
4881877
4889879
4882392
4889668
4882389
4881647
4880537
4882147
4879650
4897074
4829904
4466480
4881083
4689198
4829905
4894427
4882416
4471047
4830177
4880465
4880464
4882036
4627191
4437018
4830152
4882087
4689188
4898957
4847845
4879661
4881698
4882095
4564533
4881651
4874915
4881851
4882371
4881697
4895178
4889667
4896447
4880842
4829970
4881030
4882045
3950743
4797724
4881878
4711067
4493316
4837691
4627193
4897195
4882384
4889899
4897553
4781382
4880914
4889950
4866817
4889970
4710841
4689192
4641128
4879802
4781386
4689277
4881015
4882400
4882402
4641098
4894655
4880896
4829917
4881654
4881769
4880462
3930607
4798880
3249827
4689157
4896944
734875
4893746
4882386
3553895
4882144
2914143
4731613
4437019
4689194
4880878
4879647
4880182
4689185
4880864
4881848
4880917
4475630
4880949
4893692
4838067
4880097
4880130
4710792
4627194
4879539
4781391
4466483
4882007
4874830
4882146
4880454
3075639
4882383
4881773
4882420
4882015
4873098
4689159
4873099
1366011
4880872
4873101
4880466
4880140
4881768
1282880
4880895
4893672
4882009
4880866
4689191
4881542
4881743
4564532
3488737
4880868
4797491
4830221
4881876
4897196
4493347
4781346
4879631
4889669
4830056
4845475
4880003
4710887
4880473
4689156
4871628
4906785
4879646
4761842
4727111
4899069
4627192
4889940
4880470
4710036
4880927
4845108
2853714
4830066
3377199
4475631
3491654
4880916
4178764
4879754
4880138
4475634
4879809
1365854
4880926
4890246
4879710
4899063
4873100
4889963
4838070
2661491
4788161
4689274
2963947
4844894
4710033
4889877
4879558
4641170
4889974
4906787
4880569
4889658
4881882
2089025
4844897
4882414
4798046
4853854
4889938
4893688
4883204
4881042
4593546
4889656
4896941
4882374
4894766
4830178
4882000
695018
4830055
4710885
4711289
3950738
4879603
4897197
4881645
4412297
4052493
4879580
4874837
4845587
4882381
4879609
4859452
4178730
3554857
4879651
4879573
4879666
4883855
4882142
4853220
3721427
4883748
4879538
4880532
2859419
4889973
4882387
734881
4881035
635016
4844892
4874831
4893694
4889666
